>A_USSR_90_1977
10,11,23,87,127,155,160,269,287
>A_USSR_92_1977
10,11,23,87,127,155,160,269,287
>A_ARIZONA_14_1978
10,11,23,87,127,155,160,269,287
>A_BRAZIL_11_1978
10,11,23,87,127,155,160,269,287
>A_LACKLAND_3_1978
10,11,23,87,127,155,160,269,287
>A_CALIFORNIA_45_1978
10,11,23,87,127,155,160,269,287
>A_INDIA_6263_1980
10,11,23,87,127,155,160,269,287
>A_CHILE_1_1983
10,11,23,87,127,155,160,269,287
>A_SINGAPORE_6_1986
10,11,23,54,87,125,155,160,269,287
>A_TAIWAN_1_1986
10,11,23,54,87,125,155,269,287
>A_SIENA_10_1989
10,11,23,54,87,125,160,269,287
>A_SIENA_9_1989
10,11,23,54,87,125,160,269,287
>A_TEXAS_36_1991
10,11,23,54,87,125,160,269,287
