>A_BAYERN_7_1995
10,11,23,54,87,125,160,269,287
>A_BEIJING_262_1995
10,11,23,54,87,160,287
>A_SHENZHEN_227_1995
10,11,23,54,87,160,287
>A_JOHANNESBURG_82_1996
10,11,23,54,87,125,160,269,287
>A_NEWCALEDONIA_20_1999
10,11,23,54,87,160,287
>A_PERU_1621_1999
10,11,23,54,87,125,160,287
>A_PERU_1798_1999
10,11,23,54,87,125,160,287
>A_HONGKONG_1252_2000
10,11,23,54,87,125,160,287
>A_MADAGASCAR_57794_2000
10,11,23,54,87,125,160,287
>A_EGYPT_96_2002
10,11,23,54,87,125,160,287
>A_ENGLAND_2_2002
10,11,23,54,87,125,160,287
>A_JOHANNESBURG_5_2002
10,11,23,54,87,125,160,287
>A_LATVIA_686_2002
10,11,23,54,87,125,160,287
>A_STOCKHOLM_13_2002
10,11,23,54,87,125,160,287
>A_SWITZERLAND_3100_2002
10,11,23,54,87,125,160,287
>A_DENMARK_56_2003
10,11,23,54,125,160,287
>A_RHEINLANDPFALZ_34_2003
10,11,23,54,87,125,160,287
>A_STPETERSBURG_49_2003
10,11,23,54,87,125,160,287
>A_DAKAR_88_2003
10,11,23,54,87,125,160,287
>A_DENMARK_86_2003
10,11,23,54,87,125,160,287
>A_HUNGARY_2_2003
10,11,23,54,87,125,160,287
>A_ICELAND_123_2003
10,11,23,54,87,125,160,287
>A_POITIERS_2168_2003
10,11,23,54,87,125,160,287
>A_REUNION_1409_2003
10,11,23,54,87,125,160,287
>A_BANGKOK_1544_2004
10,11,23,54,87,125,160,287
>A_FLORIDA_4_2004
10,11,23,54,87,125,160,287
>A_HONGKONG_4580_2004
10,11,23,54,87,125,160,287
>A_HONGKONG_4596_2004
10,11,23,54,87,125,160,287
>A_MOROCCO_275_2004
10,11,23,54,87,125,160,287
>A_NETHERLANDS_128_2004
10,11,23,54,87,125,160,287
>A_DENMARK_22_2005
10,11,23,54,87,125,160,287
>A_DENMARK_3_2005
10,11,23,87,125,160,287
>A_EGYPT_136_2005
10,11,23,54,87,125,160,287
>A_HONGKONG_4922_2005
10,11,23,54,87,125,160,287
>A_JOHANNESBURG_28_2005
10,11,23,54,87,125,160,287
>A_JOHANNESBURG_452_2005
10,11,23,54,87,125,160,287
>A_THESSALONIKI_24_2005
10,11,23,54,87,125,160,287
>A_HONGKONG_35_2006
10,11,23,54,87,125,287
>A_HONGKONG_948_2006
10,11,23,54,87,125,160,287
>A_FUKUSHIMA_141_2006
10,11,23,54,87,125,160,287
>A_HONGKONG_2652_2006
10,11,23,54,87,125,160,287
>A_SOLOMONISLANDS_3_2006
10,11,23,54,87,125,160,287
>A_BRISBANE_59_2007
10,11,23,54,87,125,160,287
>A_EGYPT_10_2007
10,11,23,54,87,125,160,287
>A_FINLAND_4_2007
10,11,23,54,87,125,287
>A_MADAGASCAR_2121_2007
10,11,23,54,87,125,160,287
>A_NETHERLANDS_345_2007
10,11,23,54,87,125,160,287
>A_PARIS_577_2007
10,11,23,54,87,125,160,287
>A_SOUTHDAKOTA_6_2007
10,11,23,54,87,125,160,287
>A_HONGKONG_2387_2007
10,11,23,54,87,125,160,287
>A_HONGKONG_2613_2007
10,11,23,54,87,125,160,287
>A_INCHEON_2647_2007
10,11,23,54,87,125,160,287
>A_JOHANNESBURG_141_2007
10,11,23,54,87,125,160,287
>A_JOHANNESBURG_67_2007
10,11,23,54,87,125,160,287
>A_MAURITIUS_543_2007
10,11,23,54,87,125,160,287
>A_PENNSYLVANIA_1_2007
10,11,23,54,87,125,160,287
>A_PERU_1169_2007
10,11,23,54,87,125,160,269,287
>A_STPETERSBURG_10_2007
10,11,23,54,87,125,160,287
>A_TEXAS_5_2007
10,11,23,54,87,125,160,287
>A_TULA_5_2007
10,11,23,54,87,125,160,287
>A_ULAANBAATAR_116_2007
10,11,23,54,87,125,160,287
>A_ULAANBAATAR_2212_2007
10,11,23,54,87,125,160,287
>A_BERLIN_59_2008
10,11,23,54,87,125,160,287
>A_GHANA_2_2008
10,11,23,54,87,125,160,287
>A_GHANA_9_2008
10,11,23,54,87,125,160,287
>A_GHANA_152_2008
10,11,23,54,87,125,160
>A_GHANA_163_2008
10,11,23,54,87,125,160,287
>A_GYEONGGIBUK_4500_2008
10,11,23,54,87,125,160,287
>A_HONGKONG_1856_2008
10,11,23,54,87,125,160,287
>A_HONGKONG_1870_2008
10,11,23,54,87,125,160,287
>A_HONGKONG_3176_2008
10,11,23,54,87,125,160,287
>A_INCHEON_4532_2008
10,11,23,54,87,125,160,287
>A_MAURITIUS_403_2008
10,11,23,54,87,125,160,287
>A_MINSK_179_2008
10,11,23,54,87,125,160,287
>A_PARIS_781_2008
10,11,23,54,87,125,160,287
>A_PERTH_200_2008
10,11,23,54,87,125,160,287
>A_SEYCHELLES_2239_2008
10,11,23,54,87,125,160,287
>A_STPETERSBURG_12_2008
10,11,23,54,87,125,160,287
>A_STPETERSBURG_5_2008
10,11,23,54,87,125,160,287
>A_ZAGREB_1982_2008
10,11,23,54,87,125,160,287
>A_ANNECY_2013_2009
10,11,23,54,87,125,160,287
>A_GHANA_FS09718_2009
10,11,23,54,87,125,160,287
>A_GHANA_FS09791_2009
10,11,23,54,87,125,160,287
>A_HONGKONG_18106_2009
10,11,23,54,87,125,160,287
>A_HONGKONG_1988_2009
10,11,23,54,87,125,160,287
>A_HONGKONG_33597_2009
10,11,23,54,87,125,160,287
>A_HONGKONG_34079_2009
10,11,23,54,87,125,160,287
>A_ICELAND_8064_2009
10,11,23,54,87,125,160,287
>A_ICELAND_8599_2009
10,11,23,54,87,125,160,287
>A_MADAGASCAR_6054_2009
10,11,23,54,87,125,160,287
>A_MADAGASCAR_6081_2009
10,11,23,54,87,125,160,287
>A_MARRAKECH_510_2009
10,11,23,54,87,125,160,287
>A_MARSEILLE_1148_2009
10,11,23,54,87,125,160,287
>A_MENYA_1386_2009
10,11,23,54,87,125,287
>A_MONTPELLIER_2051_2009
10,11,23,54,87,125,160,287
>A_MOSCOW_2_2009
10,11,23,54,87,125,160,287
>A_PARAGUAY_61_2009
10,11,23,54,87,125,160,287
>A_RABAT_109_2009
10,11,23,54,87,125,160,287
>A_SINGAPORE_10_2009
10,11,23,54,87,125,160,287
>A_WISCONSIN_13_2009
10,11,23,54,87,125,160,287