>A_SINGAPORE_6_1986
10,11,23,54,87,125,155,160,269,287
>A_TAIWAN_1_1986
10,11,23,54,87,125,155,269,287
>A_SIENA_10_1989
10,11,23,54,87,125,160,269,287
>A_SIENA_9_1989
10,11,23,54,87,125,160,269,287
>A_TEXAS_36_1991
10,11,23,54,87,125,160,269,287
>A_BAYERN_7_1995
10,11,23,54,87,125,160,269,287
>A_BEIJING_262_1995
10,11,23,54,87,125,160,287
>A_SHENZHEN_227_1995
10,11,23,54,87,160,287
>A_JOHANNESBURG_82_1996
10,11,23,54,87,125,160,269,287
>A_NEWCALEDONIA_20_1999
10,11,23,54,87,125,287
>A_PERU_1621_1999
10,11,23,54,87,125,160,287
>A_PERU_1798_1999
10,11,23,54,87,125,160,287
>A_HONGKONG_1252_2000
10,11,23,54,87,125,160,287
>A_MADAGASCAR_57794_2000
10,11,23,54,87,125,160,287
>A_EGYPT_96_2002
10,11,23,54,87,125,160,287
>A_ENGLAND_2_2002
10,11,23,54,87,125,160,287
>A_JOHANNESBURG_5_2002
10,11,23,54,87,125,160,287
>A_LATVIA_686_2002
10,11,23,54,87,125,160,287
>A_STOCKHOLM_13_2002
10,11,23,54,87,125,160,287
>A_SWITZERLAND_3100_2002
10,11,23,54,87,125,160,287
>A_DENMARK_56_2003
10,11,23,54,125,160,287
>A_RHEINLANDPFALZ_34_2003
10,11,23,54,87,125,160,287
>A_STPETERSBURG_49_2003
10,11,23,54,87,125,160,287
>A_DAKAR_88_2003
10,11,23,54,87,125,160,287
>A_DENMARK_86_2003
10,11,23,54,87,125,160,287
>A_HUNGARY_2_2003
10,11,23,54,87,125,160,287
>A_ICELAND_123_2003
10,11,23,54,87,125,160,287
>A_POITIERS_2168_2003
10,11,23,54,87,125,160,287
>A_REUNION_1409_2003
10,11,23,54,87,125,160,287
>A_BANGKOK_1544_2004
10,11,23,54,87,125,160,287
>A_FLORIDA_4_2004
10,11,23,54,87,125,160,287
>A_HONGKONG_4580_2004
10,11,23,54,87,125,160,287
>A_HONGKONG_4596_2004
10,11,23,54,87,125,160,287
>A_MOROCCO_275_2004
10,11,23,54,87,125,160,287
>A_NETHERLANDS_128_2004
10,11,23,54,87,125,160,287
>A_DENMARK_22_2005
10,11,23,54,87,125,160,287
>A_DENMARK_3_2005
10,11,23,87,125,160,287
>A_EGYPT_136_2005
10,11,23,54,87,125,160,287
>A_HONGKONG_4922_2005
10,11,23,54,87,125,160,287
>A_JOHANNESBURG_28_2005
10,11,23,54,87,125,160,287
>A_JOHANNESBURG_452_2005
10,11,23,54,87,125,160,287
>A_THESSALONIKI_24_2005
10,11,23,54,87,125,160,287
