>A_SW_MN_02053_2008
11,23,87,287
>A_SW_MN_02093_2008
11,23,87,287
>A_SW_MN_37866_1999
11,23,87,287
>A_SW_I_A_1973
11,23,87,287
>A_SW_I_A_1945
11,23,87,287
>A_SW_WI_1_1968
11,23,87,287
>A_SW_I_A_15_1930
11,23,87,287
>A_SW_I_A_02096_2008
11,23,87,287
>A_SW_KY_02086_2008
11,23,87,287
>A_SW_NE_02013_2008
11,23,87,287
>A_SW_NC_02084_2008
11,23,87,287
>A_SW_I_A_00239_2004
11,23,87,287
>A_SW_NC_36883_2002
11,23,87,287
>A_SW_NC_02023_2008
11,23,87,162,287
>A_SW_OH_02026_2008
11,23,87,162,287
>A_SW_MO_02060_2008
11,23,87,162,287
>A_SW_OH_511445_2007
11,23,87,162,287
>A_SW_KS_00246_2004
11,23,87,119,287
>A_SW_MN_00194_2003
11,23,287
>A_SW_MN_1192_2001
11,23,87,287
>A_SW_TX_01976_2008
11,23,54,125,160,287
>A_SW_I_A_02039_2008
11,54,125,160,287
>A_SW_MN_02011_2008
11,23,54,160,287
>A_SW_MN_07002083_2007
11,23,54,87,125,160,287
